45,35
43,9
43,8
43,7
43,6
43,5
43,4
43,3
43,2
43,1
43,0
41,15
41,14
41,13
41,12
41,11
41,10
41,9
41,8
41,7
41,6
41,5
41,4
41,3
41,2
41,1
41,0
40,7
40,6
40,5
40,4
40,3
40,2
40,1
40,0
37,3
37,2
37,1
37,0
34,5
34,4
34,3
34,2
34,1
34,0
33,5
33,4
33,3
33,2
33,1
33,0
0,493
0,407
0,393
0,321
0,311
0,242
0,9
0,0
45,34
45,33
45,32
45,31
45,30
45,29
45,28
45,27
45,26
45,25
45,24
45,23
45,22
45,21
45,20
45,19
45,18
45,17
45,16
45,15
45,14
45,13
45,12
45,11
45,10
45,9
45,8
45,7
45,6
45,5
45,4
45,3
45,2
45,0
0,309
0,308
0,305
0,304
0,12
0,10
0,8
0,480
0,469
0,301
0,345
0,334
0,300
